M1
+---+-----+-----+----+----+----+----+-----+
| Z |  x1 |  x2 | x3 | x4 | x5 | x6 | RHS |
+---+-----+-----+----+----+----+----+-----+
| 1 | -15 | -14 | 0  | 0  | 0  | 0  |  0  |
| 0 |  20 |  10 | 1  | 0  | 0  | 0  | 150 |
| 0 |  12 |  8  | 0  | 1  | 0  | 0  |  96 |
| 0 |  3  |  4  | 0  | 0  | 1  | 0  |  40 |
| 0 |  0  |  1  | 0  | 0  | 0  | 1  |  9  |
+---+-----+-----+----+----+----+----+-----+
t1
+-----+-------+-----+-----+-----+
|  Z  |  BV1  | BV2 | BV3 | BV4 |
+-----+-------+-----+-----+-----+
| 1.0 |  0.75 | 0.0 | 0.0 | 0.0 |
| 0.0 |  0.05 | 0.0 | 0.0 | 0.0 |
| 0.0 |  -0.6 | 1.0 | 0.0 | 0.0 |
| 0.0 | -0.15 | 0.0 | 1.0 | 0.0 |
| 0.0 |  0.0  | 0.0 | 0.0 | 1.0 |
+-----+-------+-----+-----+-----+
M2
+-----+-----+------+-------+-----+-----+-----+-------+
|  Z  |  x1 |  x2  |   x3  |  x4 |  x5 |  x6 |  RHS  |
+-----+-----+------+-------+-----+-----+-----+-------+
| 1.0 | 0.0 | -6.5 |  0.75 | 0.0 | 0.0 | 0.0 | 112.5 |
| 0.0 | 1.0 | 0.5  |  0.05 | 0.0 | 0.0 | 0.0 |  7.5  |
| 0.0 | 0.0 | 2.0  |  -0.6 | 1.0 | 0.0 | 0.0 |  6.0  |
| 0.0 | 0.0 | 2.5  | -0.15 | 0.0 | 1.0 | 0.0 |  17.5 |
| 0.0 | 0.0 | 1.0  |  0.0  | 0.0 | 0.0 | 1.0 |  9.0  |
+-----+-----+------+-------+-----+-----+-----+-------+
t2
+-----+-----+-------+-----+-----+
|  Z  | BV1 |  BV2  | BV3 | BV4 |
+-----+-----+-------+-----+-----+
| 1.0 | 0.0 |  3.25 | 0.0 | 0.0 |
| 0.0 | 1.0 | -0.25 | 0.0 | 0.0 |
| 0.0 | 0.0 |  0.5  | 0.0 | 0.0 |
| 0.0 | 0.0 | -1.25 | 1.0 | 0.0 |
| 0.0 | 0.0 |  -0.5 | 0.0 | 1.0 |
+-----+-----+-------+-----+-----+
M3
+-----+-----+-----+------+-------+-----+-----+-------+
|  Z  |  x1 |  x2 |  x3  |   x4  |  x5 |  x6 |  RHS  |
+-----+-----+-----+------+-------+-----+-----+-------+
| 1.0 | 0.0 | 0.0 | -1.2 |  3.25 | 0.0 | 0.0 | 132.0 |
| 0.0 | 1.0 | 0.0 | 0.2  | -0.25 | 0.0 | 0.0 |  6.0  |
| 0.0 | 0.0 | 1.0 | -0.3 |  0.5  | 0.0 | 0.0 |  3.0  |
| 0.0 | 0.0 | 0.0 | 0.6  | -1.25 | 1.0 | 0.0 |  10.0 |
| 0.0 | 0.0 | 0.0 | 0.3  |  -0.5 | 0.0 | 1.0 |  6.0  |
+-----+-----+-----+------+-------+-----+-----+-------+
t3
+-----+-----+-----+---------------------+-----+
|  Z  | BV1 | BV2 |         BV3         | BV4 |
+-----+-----+-----+---------------------+-----+
| 1.0 | 0.0 | 0.0 |         2.0         | 0.0 |
| 0.0 | 1.0 | 0.0 | -0.3333333333333333 | 0.0 |
| 0.0 | 0.0 | 1.0 |         0.5         | 0.0 |
| 0.0 | 0.0 | 0.0 |  1.6666666666666667 | 0.0 |
| 0.0 | 0.0 | 0.0 |         -0.5        | 1.0 |
+-----+-----+-----+---------------------+-----+
M4
+-----+-----+-----+-----------------------+---------------------+---------------------+-----+--------------------+
|  Z  |  x1 |  x2 |           x3          |          x4         |          x5         |  x6 |        RHS         |
+-----+-----+-----+-----------------------+---------------------+---------------------+-----+--------------------+
| 1.0 | 0.0 | 0.0 |          0.0          |         0.75        |         2.0         | 0.0 |       152.0        |
| 0.0 | 1.0 | 0.0 | 2.960594732333751e-17 | 0.16666666666666663 | -0.3333333333333333 | 0.0 | 2.666666666666667  |
| 0.0 | 0.0 | 1.0 |          0.0          |        -0.125       |         0.5         | 0.0 |        8.0         |
| 0.0 | 0.0 | 0.0 |          1.0          | -2.0833333333333335 |  1.6666666666666667 | 0.0 | 16.666666666666668 |
| 0.0 | 0.0 | 0.0 |          0.0          |        0.125        |         -0.5        | 1.0 |        1.0         |
+-----+-----+-----+-----------------------+---------------------+---------------------+-----+--------------------+
